101006
101107
101309
101410
101915
102008
102513
102614
103414
104820
105014
105216
106319
107321
107725
108121
108222
108525
108828
109325
109830
110007
111716
112112
112314
112920
113215
114116
114318
114621
114924
115219
115724
118124
118528
118730
119025
119126
120414
120515
121416
121618
122418
123117
123420
123723
123824
123925
124624
125222
125424
127630
128026
128127
129331
129634
130013
130316
130720
130922
131924
132017
133827
133928
134021
134223
134324
134425
135225
135629
135730
135932
136227
137027
137633
138332
138534
138837
139233
140824
140925
141119
145127
146331
146533
146634
147030
147636
147737
148335
149236
149539
150524
150625
151324
151627
151728
152427
152831
153025
153126
153227
153833
154229
154532
154734
154936
156031
156536
156637
157942
158540
160123
160830
161630
161832
162228
162733
163836
164030
164939
165032
165941
166640
167238
168240
168745
169040
169949
170631
170934
172534
172635
173435
173637
173738
173839
175035
175338
175742
176744
176845
177241
178748
178849
178950
179245
179346
180129
180230
180735
181131
181636
182032
183034
183741
185038
186040
186141
186444
186545
187143
187850
188145
188347
188448
188549
188751
189450
189652
190031
191235
192035
192136
192843
194645
194746
195849
196144
196952
197550
197651
198350
198451
198855
199150
199352
199453
199958
200917
201111
201414
201818
202820
204218
204319
205725
206323
206525
206727
208226
208327
208428
209834
209935
210112
211114
211215
211619
211720
211821
212015
212116
212217
212318
213017
213421
213522
214019
214221
214423
219231
220721
223929
224022
227432
227533
231928
236130
237334
239944
245333
257542
257946
268850
274542
275645
280941
281135
284646
285446
286347
286650
290136
293748
295146
298455
300618
303119
305830
308331
309636
314225
316633
317332
329844
333330
334635
336841
342129
346945
348545
349244
350330
355239
356948
361234
361941
366446
376247
377451
378756
381543
382242
387959
392447
394956
395251
406432
415837
419239
421226
424939
436845
449753
453542
456346
459453
465852
468050
480141
481042
486759
513130
516742
517239
518746
520228
522434
523032
524135
529549
529953
531940
536647
540436
541640
545345
553344
555651
555954
559457
561242
561444
565452
566454
567052
567759
567961
570243
571144
571548
576255
578057
579665
580044
580751
581349
587664
589567
594156
597869
598568
599065
599469
604537
613538
614439
615441
618952
620434
622236
623844
627852
633847
634748
647858
654350
656253
657659
663755
667056
668361
673455
677766
679770
683256
687163
688569
689470
692964
693764
694362
695768
701535
727553
729254
737960
742549
748662
749361
751348
753150
756055
761957
765056
769064
788876
792867
793465
800941
803240
812746
815247
825654
826454
828862
833148
835657
837560
837964
843151
845458
849264
856766
871964
873968
877269
880157
882161
888678
901038
902242
904044
907656
908860
910443
922854
930449
932554
947668
952863
955465
957974
959574
962058
965367
965771
972566
978578
987074
987983
989987
990366
992673
993675
105923
114823
122317
135528
158035
177746
250427
599671
