139637
125525
115320
169343
709551
112516
103818
128632
159239
200614
185139
111312
162026
172332
297655
102816
176542
135124
547046
126325
100307
159441
111009
412528
137128
124422
287248
156334
148133
151425
133019
181232
196750
168947
143830
107018
104012
102311
189349
233326
146432
128935
414229
149337
100408
113922
199655
397861
159138
182840
397760
105115
129028
137532
106016
248238
172938
115017
195041
134728
675661
131217
169444
159340
177645
380036
153934
151526
148941
117021
385046
191033
196851
149741
172029
461743
116524
165436
145632
130417
144933
171330
134627
139839
757764
178647
183337
154835
214625
304727
395756
187547
146937
130518
299760
107422
185442
104416
126426
263436
200008
130619
469961
185947
169747
129937
209228
139435
318637
198249
116726
131823
116221
103010
150928
552241
186949
146129
164636
308129
115825
172433
174841
198653
680452
180533
321323
391748
118831
677968
192439
175439
627549
715647
844961
143325
210617
249947
861456
792564
144226
568963
194140
322224
680957
246133
463040
901139
154431
255639
441939
872158
951457
859671
127731
660951
833249
771354
195445
784565
191841
586460
186848
211922
118023
153732
145834
500222
352738
818859
200311
453441
917255
705341
166438
251833
512835
303624
205119
467351
205826
133625
969476
141422
368753
280739
782561
204521
148436
723141
365343
901442
497865
212419
385450
300719
352132
163129
198047
878877
872764
825553
433839
912447
519647
395958
971160
165638
662551
194443
393550
943862
341834
905147
182436
555348
917558
911849
856463
644246
200109
401422
562345
763557
573451
601127
187345
146735
320826
767464
144731
933253
852455
751550
492754
765864
316835
926862
207426
257845
506234
127226
113316
557857
973770
995174
783462
214524
749058
178243
202719
212823
581450
788674
654552
744553
731140
558657
289555
552544
191437
127832
157336
163432
122822
120212
310621
199251
124826
638049
393247
182739
161327
150423
197348
167036
885975
106521
192540
111413
141826
119833
462139
103515
221319
510225
108323
178142
158136
109123
168341
707749
191336
690152
167440
151930
203418
725751
171633
164131
131722
789373
100610
192641
548250
525541
114217
143224
111211
330324
130114
248339
200210
561949
162935
698168
878776
193845
656657
358144
156435
550439
353740
123521
134829
209329
177140
175237
143426
106824
108020
473952
887373
559053
137431
429040
702133
884064
665254
413934
896778
562446
732243
572045
239136
390645
826353
205220
770352
984472
715950
894673
120111
779370
585862
827052
140420
541943
996782
140117
899885
898176
111514
175540
820745
573249
910241
381038
325129
958976
814649
172130
173334
389357
871762
118225
825048
720337
617748
203923
255740
171734
671855
155938
891667
201515
664757
283543
832651
927359
724446
686969
923755
299154
966975
735148
611938
585256
579867
360030
406836
929464
886674
728454
